0.3150157132832944, -0.0416617501942904, 2.890909119445827
0.30950855067219196, -0.040015199840329, 2.877120067796598
0.3040715149226232, -0.03835333096221508, 2.862892345529624
0.30026889411958857, -0.037948929427077165, 2.9035978453757316
0.29638723964030417, -0.037479254395271513, 2.9430383159237348
0.29263610380410077, -0.03728685428497848, 2.98188697793077
0.2888601831189079, -0.037359496987077315, 3.0229510387208545
0.2849008637888905, -0.03758905806165996, 3.063877688514368
0.281438867435251, -0.03794934318683199, 3.1003608279089936
0.2781995476721271, -0.03852994092626227, 3.139648471502697
0.275258192861945, -0.03912530651887772, -3.109804797242891
0.27255152712269404, -0.03968576955238823, -3.080328978410131
0.27002647049509243, -0.0402231852226468, -3.052990218439961
0.2675488307776563, -0.04088292857255681, -3.0262261569747633
0.26521375663222224, -0.04155009614578621, -3.001281745646736
0.26306951105426596, -0.042245996196379906, -2.976227218076734
0.2608205176415467, -0.04305350815507928, -2.9498426736694476
0.2586313455638138, -0.04393276983858024, -2.92266335827446
0.256509363497413, -0.04487047997671219, -2.896039732566719
0.254347754731233, -0.045849112225847914, -2.868357412563823
0.2522207697266633, -0.046891661703791256, -2.8406174473941515
0.250314793042026, -0.04789078520018768, -2.8140049674541374
0.2482675042719411, -0.048994895018964764, -2.7886741756704394
0.24637441630893975, -0.050072684367684944, -2.7638607799674166
0.24565744256146807, -0.05032431777312231, -2.7633601105267984
0.2448640071066701, -0.050588086252636416, -2.7655776073039897
0.2442141747182462, -0.05075545704234197, -2.771245076684901
0.2435875762970023, -0.05091986371204055, -2.7768118715065255
0.2430843206970887, -0.05105842461995843, -2.7812774982063946
0.24265410202366813, -0.05118852053665994, -2.785180312621651
0.24219403689820843, -0.051322820316734824, -2.788353267776332
0.24163474063148083, -0.05147078454857054, -2.7915102281222994
0.23840840098428165, -0.051850854856186124, -2.9076541521920847
0.23604835568329957, -0.05158002191991531, -3.0124974911023057
0.2350856937179961, -0.05104862992691615, -3.0857892711672337
0.2327470258507797, -0.04910780715766139, 3.0846162647343403
0.2297803158781439, -0.04661089284029271, 2.9582364822514498
0.22676189083974005, -0.04387986270617108, 2.832048971853234
0.22407260771461018, -0.040786319711246646, 2.705001307799809
0.22176409040671355, -0.037035800135432506, 2.5699918324040767
0.21898407738203185, -0.03174882464950237, 2.418074785252737
0.21607023041163717, -0.026234718109707813, 2.2820567799507714
0.2134888052266035, -0.020796818320019672, 2.167627856224113
0.21146183516268768, -0.015518092077384006, 2.075934077015831
0.20966143896482753, -0.010019777282099279, 1.9976978613308785
0.2083651494366013, -0.00455657993878025, 1.9343575484433488
0.20730083795854357, 0.0010797389683063043, 1.878308063071285
0.20639375805352592, 0.00685310497408134, 1.8302646141339844
0.20557784675565385, 0.012732049168861545, 1.7892386712485253
0.20501091296771493, 0.018575632585939236, 1.7551561146172396
0.2045266399633078, 0.02467128756448625, 1.7238642092320902
0.2041123620883217, 0.030810404352496035, 1.6967047406227767
0.20375053618711256, 0.03702081124179564, 1.6727482138831666
0.2035435935368303, 0.0432175558645644, 1.6508653542417766
0.2034476159604227, 0.049459288577106575, 1.6315839672508974
0.20341332650853947, 0.05573160764430853, 1.6152589180967922
0.20347026729733747, 0.06202465450768638, 1.5999086725601133
0.20359912285492127, 0.06832600856504902, 1.5863205073962263
0.2037834166138853, 0.0746331452974808, 1.574024214689397
0.20401782004056723, 0.08094249259976316, 1.5629147716576177
0.2042997489004359, 0.08724932130165881, 1.55278426514346
0.20462661921719438, 0.09355189197289762, 1.5434820558984217
0.20499587601927516, 0.09984961539666401, 1.534893763355339
0.2053224431709544, 0.10589504963555312, 1.5252317997746867
0.2056790867522288, 0.11145264193474332, 1.5160529029249172
0.20603752273788203, 0.11646140798566124, 1.5080380538290112
0.2064231804805232, 0.12099828577398106, 1.4996636884423058
0.20679729126612464, 0.12512152353060724, 1.4912312343233858
0.20715521590381877, 0.12884243221620648, 1.4827830682518168
0.2075396352407008, 0.1322103606321922, 1.4734435306808062
0.20797456180692234, 0.13518243652021292, 1.464409526556864
0.20839975082899853, 0.1378508102239419, 1.4551669689784679
0.20886184778310374, 0.14022701764509135, 1.4462475058912723
0.20925939679921637, 0.14236513526106576, 1.4368052995970333
0.20972914635809184, 0.14450115709622668, 1.4277660128747252
0.21021915640855948, 0.14662207661807714, 1.4189439999178155
0.21072483815776413, 0.14873222352015433, 1.4102220440282747
0.21124622637764215, 0.15083195890416493, 1.4015855326898015
0.2117834935187564, 0.1529218550819222, 1.3930171617105707
0.21233737318393037, 0.15500284450526258, 1.3844848917847064
0.21291176356300742, 0.15707877730922115, 1.3758453399748343
0.2134634164500129, 0.1591679368851774, 1.3671439885827679
0.21398488801658824, 0.1612398679647167, 1.3581209993813506
0.21454240401152008, 0.1633270844574558, 1.3494283049435944
0.21472281582044983, 0.163559866640217, 1.3408142629698512
0.21487597205450207, 0.16381537146891786, 1.3318128661492623
0.2152605853275015, 0.16399700835079734, 1.3153536827100907
0.21513664974102817, 0.1677551469702868, 1.4244093617522728
0.21388085914662525, 0.17226320636676737, 1.5415296375085832
0.2122832297198062, 0.17611418272318427, 1.6549467856932114
0.21014181288344935, 0.1798869647140424, 1.769428090457292
0.2076023145156983, 0.183168045942164, 1.8849169777694788
0.20470325616190946, 0.18611127563913926, 1.9983989334311518
0.2012879056848502, 0.18915278179672357, 2.105004138479118
0.19832714423845704, 0.191241464078217, 2.2005857071445054
0.19399918314378087, 0.193658462503371, 2.308759163254194
0.18981878672144978, 0.19563674781608845, 2.4030087434654193
0.1842424747934304, 0.19824388050083216, 2.501705570328343
0.17855805486682128, 0.20064454220787675, 2.591377295957847
0.17276917546266785, 0.20265378470929912, 2.671146163946153
0.16690862300212578, 0.20436995674778616, 2.739515489178823
0.16112416555215614, 0.20574554194310213, 2.798016320697819
0.1551016808411074, 0.2070343780185679, 2.8497288163562335
0.14953698170796517, 0.20799261086535592, 2.89344144584509
0.14445701364745975, 0.20871555772623804, 2.9314158947428055
0.13987731147186205, 0.20921163119279393, 2.9648380188410637
0.13566326257646974, 0.2093900692343347, 2.9980409081620807
0.1317155226995266, 0.20954364833210817, 3.027970168641688
0.12832466634804554, 0.2095116587609863, 3.0551146172622907
0.12504941625623286, 0.2093322186188019, 3.0826573735794924
0.12217511017516233, 0.20913158010014557, 3.107613787833985
0.11953998284641881, 0.2088633372337882, 3.1308391056718947
0.11716071577960553, 0.20854094266048592, -3.13056746747491
0.11494005213072264, 0.2081733758797115, -3.1099401314946635
0.11289217250741497, 0.20779694271191948, -3.0901533902439224
0.1110436696887996, 0.20743928575053952, -3.0729108066233652
0.1093968278967822, 0.20710349714225806, -3.058215845872156
0.10775930995383642, 0.2067533766057016, -3.0433099816228797
0.10638413554971245, 0.206393146826989, -3.031187371285766
0.10508727265070603, 0.20600149861351078, -3.0192557581797224
0.10380433360510462, 0.20569282119062443, -3.007315439643864
0.10261198487163431, 0.20539882449423436, -2.996891615137502
0.10149045447549682, 0.20513150054461887, -2.9876016763018787
0.10044814340633841, 0.20486131750891493, -2.979072886253383
0.09945734811351563, 0.20464166083708513, -2.9709827901697405
0.09858231952768748, 0.20442431231858865, -2.9633156958867763
0.09778340202522819, 0.2042088600441573, -2.9565915262077214
0.09701080451470175, 0.20402504625039983, -2.950070801393935
0.09629346512039265, 0.2038166168463894, -2.9438930230944504
0.09561436829008158, 0.20365081448672942, -2.9387490802211644
0.0949467660330346, 0.20346118191643803, -2.933030154655107
0.09432569600051217, 0.20326846528346385, -2.9277995501427587
0.09378686288650241, 0.20310485803055117, -2.9229525436431643
0.09328436246540124, 0.20293913030690072, -2.9186409971954936
0.09273598805864977, 0.20275741892954122, -2.9141279156042788
0.09220831543751558, 0.20260558352049682, -2.9105479433971784
0.09168484054066657, 0.20243474082288754, -2.90607206877209
0.09113759269566193, 0.20225162036351493, -2.902175037520783
0.09062843427291356, 0.20206448506482022, -2.897835431354315
0.09017008091828646, 0.2019129517870189, -2.8938958819803347
0.08971087048178811, 0.20175791493309597, -2.890108337732994
0.08915421642798785, 0.20155934156130412, -2.886238545601718
0.08871277481466555, 0.20141792194035768, -2.882672154119497
0.08825620841039386, 0.20129954916515772, -2.8802190701120627
0.08367707510042831, 0.19925954823288522, -2.837244046339587
0.07900070469552475, 0.1969035331793239, -2.792167511041165
0.07502548327290053, 0.1949227638962379, -2.756561600505687
0.070614518521327, 0.19236482155709178, -2.7151628045145735
0.0664748492865361, 0.1897675488042835, -2.680541113832239
0.06266389897425527, 0.18731976857261937, -2.651025727246281
0.05878269591981086, 0.18505947037808507, -2.6312128667645838
0.05489895954099602, 0.1825542731182442, -2.6089678834733743
0.050975736141807046, 0.17993558539643192, -2.587786823047132
0.04722252950644353, 0.17738797169182402, -2.572195552897184
0.04335522911494975, 0.17470771987967446, -2.5550214660958463
0.039987303849476415, 0.17219339666651906, -2.53646304910599
0.03604058553164426, 0.16903495515624892, -2.51485596481064
0.03293070296525494, 0.16659926695572252, -2.500210517196941
0.02951385836019459, 0.16384650125194838, -2.4856534094252054
0.02640204676055249, 0.16119531722835065, -2.4705506109910247
0.022587831573238033, 0.15785264548142355, -2.4537204111863664
0.01959995297365153, 0.1552504747423352, -2.4416973851387977
0.016562881206531196, 0.15255583050426041, -2.430741695767487
0.012874243313339848, 0.1491253130126365, -2.4185885557176436
0.010023830351594707, 0.14654348747032075, -2.4101924190879553
0.0066330824022511545, 0.14328200076684727, -2.3992343996110836
0.0032767538051023623, 0.14003225581543888, -2.389622673496945
0.0002647257170399328, 0.1371218050095035, -2.381671124345696
-0.00324009458932372, 0.13371680932803728, -2.3743163465406014
-0.006150427365810407, 0.13090107153962952, -2.368420277802879
-0.009536114770272839, 0.12749030997022912, -2.361453817428557
-0.0079830581729767, 0.12966494061889575, -2.4284205833998715
-0.005826538741890318, 0.13302651210434827, -2.5092468994611963
-0.003785003807898435, 0.13629463376327722, -2.590438511009678
-0.0017128477069637642, 0.13917709580009563, -2.671913541018447
0.0005213554190295626, 0.14195400076518686, -2.7536775899064376
0.0028868501211315716, 0.14445101330027743, -2.8336870985375135
-0.0017205927797525045, 0.14237773189303718, -2.801525256021887
-0.005948620416328522, 0.1403317731704882, -2.7664062078290583
-0.01018156582217171, 0.1378232370632829, -2.7205511342039697
-0.01397379778787429, 0.135444416103407, -2.6799714099259697
-0.01764939593291123, 0.13294068538031512, -2.6408033570195424
-0.021330560527288465, 0.13018383752591314, -2.5992693658639454
-0.02470098659587793, 0.12765762888290635, -2.567171379413505
-0.02848834264607231, 0.12452211445860294, -2.530982924679283
-0.031692199607895426, 0.12198147089477865, -2.5057753325276813
-0.034913885619927136, 0.11932823648012178, -2.4835514262109184
-0.03801691280375646, 0.1164612710615573, -2.46174724573052
-0.041147262526603105, 0.11357373120535416, -2.439346628717455
-0.04455149869555233, 0.1101949026260457, -2.4165485973391907
-0.04753526371622649, 0.10715574130305323, -2.3957436284873124
-0.05042611635691672, 0.10413611728999189, -2.37625837152272
-0.05360098939628637, 0.10062461457465738, -2.3562541845824017
-0.05643098299216288, 0.09747497926068434, -2.338679867541954
-0.059199544671759266, 0.0942655513726016, -2.321665204298666
-0.06218003643105238, 0.09064354090622052, -2.303252113469644
-0.06511983449673825, 0.08696981951422607, -2.286433269021307
-0.06763313960398143, 0.08371003046502713, -2.2687221888733857
-0.07050797885447588, 0.07980554766974214, -2.249583789444147
-0.0729375879321545, 0.07639709259278438, -2.2315972475688883
-0.07573667671193217, 0.07220519227958977, -2.2103958432390303
-0.07808082730419935, 0.06859773580823508, -2.192351498760231
-0.08040808466696492, 0.06482448328485337, -2.1727467290110485
-0.08286589364919283, 0.06095150665534415, -2.165551083929851
-0.08543174768913617, 0.057087016239560286, -2.1630701860661965
-0.08811098611376267, 0.05311798741806123, -2.1628607306121435
-0.09070007290555461, 0.04929849887025164, -2.163475817734157
-0.09333201093354376, 0.045429717342321964, -2.1643122952373672
-0.09595610723948216, 0.04159612666908125, -2.1654443650276023
-0.09813760657231092, 0.03839048681553399, -2.167126179275373
-0.10017792815173052, 0.03547925420235577, -2.1694695948955784
-0.10206294913146907, 0.03277433484361234, -2.171334534589645
-0.10385389343013124, 0.030153083523100265, -2.1712546569867897
-0.1055424600533929, 0.027590975294346638, -2.168804717090218
-0.107144505950486, 0.025184601433619884, -2.169768014652546
-0.10858531079891551, 0.02306982531339222, -2.1694034949845626
-0.1100085279390153, 0.020955425748968366, -2.168075252704229
-0.1112660254254658, 0.01909153769707656, -2.167852752429484
-0.11244011768488064, 0.01724988316186608, -2.1644685462248927
-0.1135223326875968, 0.015640878091186843, -2.1661826281416596
-0.11458249748080641, 0.014160747766784764, -2.166112692030834
-0.11562635583337297, 0.01253705950862233, -2.166196671394959
-0.11653297653645749, 0.011164038908806509, -2.1672502698075626
-0.11747131566206358, 0.009758131532749108, -2.1654012847414412
-0.11830520897155798, 0.00841864788520407, -2.1657862407329067
-0.11912726727239509, 0.007225515905491349, -2.1676808273913672
-0.11985440475499663, 0.006125561163627432, -2.169651133649095
-0.12054391632836946, 0.005105187747526906, -2.171458826271547
-0.12117486874731997, 0.004150451887704398, -2.1718086711807887
-0.1218245119093332, 0.003328816531974573, -2.174131966910946
-0.12241620115873957, 0.0025227392184929086, -2.1765495401480033
-0.12296713968240511, 0.0017147587294320916, -2.1800462803692304
-0.1234571849880336, 0.0010307659589993009, -2.1814919364702177
-0.12399099983232582, 0.0003485543998976203, -2.1841765531108788
-0.12441087835190039, -0.00025169404317151173, -2.1864381550644674
-0.12476759576937171, -0.0008279432544402454, -2.185996947697551
-0.1249782189021036, -0.001343127068990495, -2.182074612001328
-0.12517745217090628, -0.0018239021610934793, -2.178424317222333
-0.12535152741503763, -0.0022468757743651538, -2.1754056398963413
-0.12548250891368867, -0.0025758044538784267, -2.173708592033827
-0.12557279012893935, -0.0028074400421560595, -2.173340712744713
-0.12561916346519778, -0.0029399795884291246, -2.174230668452386
-0.1259080733820796, -0.0032990541294278543, -2.1801467428221355
-0.12625357620916372, -0.003650858276898138, -2.1873964956292937
-0.12659778576781203, -0.003981992742345869, -2.1950814517051684
-0.12691612250378673, -0.004318850733330538, -2.2018032130467464
-0.1271573052321458, -0.004602041316705889, -2.2072621667527086
-0.12738512657680476, -0.004875240556364114, -2.2108730047378553
-0.12760085026781237, -0.005143710614627791, -2.2140831080437695
-0.12778196035199182, -0.005384211016289153, -2.2165130797570174
-0.131401840711743, -0.00846823618203234, -2.274148493589615
-0.1343635102661182, -0.011005820340491933, -2.318487613027041
-0.13820295584863454, -0.01373133636599989, -2.3722124203973207
-0.1419679646631857, -0.01606163592231886, -2.4247456035677946
-0.14582653912484952, -0.018246450141850883, -2.4765096882638327
-0.1504758883101544, -0.020427731921160968, -2.5340681188940946
-0.1548084982121658, -0.0221740594123982, -2.5877610833764
-0.16066872273455032, -0.02420767931682978, -2.6536305339217097
-0.16644160501869262, -0.026063272752449122, -2.716542457918753
-0.172156712998505, -0.027657664060584716, -2.7751608612620577
-0.1776415952587082, -0.028997791401561737, -2.8289188778204974
-0.18308589782056844, -0.029859104160324543, -2.8813469872686377
-0.18869793644627786, -0.030330004641244135, -2.937971884777269
-0.1948589218154122, -0.031445291873618705, -2.9391159563602813
-0.20101152368250103, -0.032623223199015366, -2.9376818677817518
-0.20691447390472484, -0.03396943305344419, -2.9269517231777082
-0.2125366890899208, -0.0353018499239335, -2.9167580502664454
-0.21767635802574478, -0.03665557713736873, -2.904362517455786
-0.2222170164740445, -0.03789366010055594, -2.893521654219539
-0.226337684986144, -0.03908842403419659, -2.8810241317944305
-0.23007860188888507, -0.04027981678265273, -2.867354556924502
-0.23363622121106137, -0.041475250528371393, -2.8526347948851654
-0.2366565970951042, -0.0425716063296241, -2.836987321125908
-0.2392056965952507, -0.043699977590914305, -2.8188603878551417
-0.24148104154159464, -0.04469588141857941, -2.802405298046124
-0.24371834693226888, -0.045695153527380274, -2.786899298881074
-0.2456408106279227, -0.04664680281421711, -2.7719537652772983
-0.24742737236874007, -0.04755997849800387, -2.7574437588632557
-0.2491098012815251, -0.04840941181225455, -2.7446755523664383
-0.2505498405224955, -0.04921298620631713, -2.7323447268636607
-0.25195898226878843, -0.04998419563155422, -2.720379650575543
-0.2531326924617398, -0.050640127869627155, -2.7101916912736224
-0.2545014641798308, -0.05143618776449911, -2.7005875259069123
-0.25562318810154894, -0.05208849519460321, -2.6923233445548957
-0.25662227131795856, -0.05266380262181205, -2.686310617163959
-0.25760885155791513, -0.053259281298781956, -2.6793110499236437
-0.2585149428811156, -0.05379876160578547, -2.6726029237633537
-0.2594759725682497, -0.05441839786284961, -2.6649722059101797
-0.26031457039794925, -0.054933252378744156, -2.6580892586734826
-0.2610783213965439, -0.055412003460110645, -2.65211751566893
-0.2618471929454631, -0.055884409271896085, -2.646091944453098
-0.26248785584138856, -0.05625859437340152, -2.6411207293019605
-0.26311007171948536, -0.05662056792645847, -2.636627234865256
-0.2636858948300729, -0.0569696097397234, -2.6323280490848338
-0.2642287633165847, -0.05729186754739415, -2.6287094821266215
-0.2647603107168434, -0.05764146534632149, -2.6246601396631637
-0.26519858519909684, -0.05791351066648862, -2.621553311883735
-0.2656048324640094, -0.05814142113449504, -2.618350649221631
-0.2659958025625271, -0.05836734114811514, -2.6156047481785145
-0.26635489679166285, -0.05859363142553533, -2.61317221450667
-0.266756049771102, -0.05881829765555041, -2.6112560727031537
-0.2670766706632481, -0.05901545289791335, -2.6091037468895215
-0.26738932505337587, -0.059221896746141776, -2.606836840464404
-0.27070348586438414, -0.06464030548457128, -2.448143246038234
-0.27381036603642167, -0.07054817455493605, -2.289066173231944
-0.2764988948726132, -0.07586658629010162, -2.1393569413560134
-0.2777975879484119, -0.08106071136164104, -1.9895867345200373
-0.2783954755251795, -0.08527743924782662, -1.8568877497304748
-0.278250389057128, -0.0891256778877346, -1.734953075582344
-0.27758384122594676, -0.09285699841427018, -1.6366317100622985
-0.2763591332582668, -0.0970101412515395, -1.5413063646515983
-0.2746177390807826, -0.10128291296766824, -1.4491119050248746
-0.2724970972391778, -0.10562095324198588, -1.3621784168863227
-0.2703891918568958, -0.10953054025265474, -1.289438986307781
-0.2681964855257933, -0.11292349258109859, -1.2206903525345723
-0.2654225717403955, -0.11661129659474277, -1.1492020278071913
-0.2627604540398444, -0.11992968547027928, -1.0858859067440725
-0.2604947478321157, -0.12252710251678567, -1.0321417821131735
-0.25793537622453583, -0.12497103917254249, -0.9733739617830028
-0.2552423740332293, -0.12734609153491364, -0.9182086441140213
-0.252504433949746, -0.12949211660195534, -0.8682338793636879
-0.24991359576462577, -0.13144194944956508, -0.8236944977677062
-0.24774820033766684, -0.1329964606866142, -0.7849662230668166
-0.24506791146677964, -0.13456150278131176, -0.7414611948887843
-0.24215250167434657, -0.13613567870914225, -0.697122872514753
-0.23899629518270193, -0.137668009763045, -0.6527760173311329
-0.23597633204970364, -0.1390017643103838, -0.612424121436335
-0.23319199733613338, -0.1401535883009934, -0.5771748233298303
-0.23060712639900158, -0.1411903181875289, -0.5468223376661445
-0.22825324291435525, -0.1420882364069298, -0.5212051698790029
-0.22611175672725026, -0.14287659498123412, -0.49965788517335014
-0.22405551936164106, -0.14361571206264334, -0.4807621142254352
-0.2222072989102717, -0.14426322941511716, -0.46539807860300847
-0.2203666712548839, -0.14484546805455006, -0.4509795900820312
-0.2187084713145716, -0.14540154107224668, -0.44024815733172756
-0.2172440883232292, -0.14590321719924068, -0.43172271638587245
-0.21601631035221389, -0.1463457707351131, -0.4268161983547537
-0.21509583728918194, -0.14666769004292438, -0.4233426796215158
-0.21424522326504775, -0.14697766328377285, -0.4213012295164286
-0.21359559143375162, -0.14717626424916022, -0.4181010829265552
-0.21303900981616952, -0.14734368495212632, -0.4157036534831343
-0.21257266950743936, -0.14748537517898397, -0.41408140190314463
-0.2121966489062999, -0.1475964897300328, -0.41325488667812516
-0.21190099443994728, -0.14768028583280257, -0.41323616107875305
-0.21167973855524963, -0.14774210172248098, -0.41395344492498515
-0.2115254848174254, -0.14778129414592445, -0.4152586224909625
-0.2114240135155335, -0.14780252846690517, -0.41702136472954154
-0.21105746637688388, -0.14807556124770663, -0.4238265784670209
-0.21070718248415743, -0.14836020509370607, -0.4314626738080118
-0.2103645523592928, -0.1486161285468374, -0.43880109421983937
-0.21001858082670283, -0.14887584947984353, -0.4453929107651236
-0.2097292998882901, -0.14907481575284728, -0.4496419284689641
-0.20936488880209467, -0.14933255335480133, -0.45415333511659106
-0.20319374903293333, -0.15121478364620608, -0.4057437093717701
-0.19681773144432158, -0.1529126624768676, -0.3600198137693342
-0.19062065568135853, -0.15426558159677659, -0.3151427979184559
-0.18430838665652935, -0.1555180834892573, -0.2764487769751067
-0.1778823756597697, -0.15663072489500357, -0.24216907465492718
-0.17131347524521034, -0.15760888582925925, -0.21182796095481934
-0.16472749338175488, -0.15845108566720859, -0.18535211075098437
-0.1581457927413227, -0.15919354024318016, -0.16224143813477085
-0.15155252926094012, -0.1598418863378692, -0.14189885757158177
-0.14494797367944295, -0.16040270607602075, -0.12369614502720469
-0.13842752337396075, -0.16086949118348284, -0.10682479263597916
-0.13179611191292903, -0.1612754911594241, -0.09063583478807909
-0.12521017867666834, -0.16158934420948207, -0.07547616751066656
-0.11868953586317851, -0.1618399623108438, -0.06262432369103692
-0.11217419064474715, -0.16197686105654682, -0.04844539343427061
-0.10569638282619333, -0.16207918377153066, -0.035945228295986766
-0.099219711844008, -0.1621059300210783, -0.02270995696133762
-0.09279994249795175, -0.1620464734715013, -0.01074114477898292
-0.08642594650335977, -0.1618738936293746, 0.0013455975896504737
-0.08006649772250232, -0.16159476466170758, 0.01316277587089385
-0.0747709477600734, -0.16152855098252378, 0.012696998787397383
-0.06933976477427094, -0.16148977231322637, 0.011249106091836757
-0.0644455248105109, -0.16147170351959358, 0.009012453791598613
-0.05992854393030043, -0.1614725653157231, 0.006933054013878465
-0.055882435115432325, -0.16147824678162004, 0.005000525063793259
-0.052200074763702725, -0.16150014584112807, 0.002955959720978628
-0.048866757772560575, -0.16153183076203745, 0.0009966864959379605
-0.045855678885747375, -0.16156190590601466, -0.0008059248115190026
-0.043141919558659876, -0.1616029591008345, -0.0027239780374913583
-0.04071391256866148, -0.16164786763707184, -0.004857956437882653
-0.038498354258415246, -0.16169606393962577, -0.006689848359387179
-0.03649114553445053, -0.16174550714444066, -0.00851342961087546
-0.03468476727500538, -0.1617982461724975, -0.010411204969916665
-0.03306617362683007, -0.1618449236281464, -0.012240607382308581
-0.03159373679123968, -0.1618996355955537, -0.01404422509183352
-0.030251704240384723, -0.16195076904774522, -0.015746351444533235
-0.029034307442720016, -0.16200139760300797, -0.017362417639029903
-0.02793489476891744, -0.16205741793029443, -0.01906414723344595
-0.02694282818381529, -0.1621049475393621, -0.02064674484597599
-0.026048682424913098, -0.16215609414081494, -0.02218347846837339
-0.02523845405207231, -0.16220228695205527, -0.023627825128702384
-0.024499810295370177, -0.16224538887205484, -0.024925513081334515
-0.023829791063673913, -0.16228607171821435, -0.026064312828478483
-0.023224247629506534, -0.16232314597302627, -0.027102192940822355
-0.016869689573627077, -0.1623233956892423, -0.01673130156735261
-0.010360757808578234, -0.1622977205777749, -0.007277143135379425
-0.0038698602639304584, -0.1622374206519914, 0.0013467825911159083
0.002664271553555881, -0.16212029747775022, 0.009604272386446292
0.00918911184026663, -0.16193805406922163, 0.01715077685645629
0.01576052090223564, -0.1617361851400844, 0.0239967168520969
0.022297711192604854, -0.16152086022841283, 0.030076946757637956
0.02887285439559805, -0.1612827741734138, 0.03599943080110098
0.03542100376301577, -0.1610251716474961, 0.04070409171314225
0.04197323220687618, -0.16075712738169534, 0.04530973253737636
0.04850117963060433, -0.16046966661942236, 0.048801436409812105
0.055093380862637036, -0.16014809907339325, 0.052563611327151226
0.061635691590973825, -0.159805138464573, 0.05608036094019479
0.06819837182200597, -0.15942527537046214, 0.05971406886200418
0.07471846551143235, -0.15902735204802157, 0.06324363959604351
0.08123213276737556, -0.15859796580290703, 0.06616937349130486
0.08773753919016332, -0.15818954861539422, 0.06874325002481868
0.09423156049733955, -0.15775347612825505, 0.07188766233707973
0.10071841720846943, -0.15730233866746157, 0.07493083846187622
0.10721516173796419, -0.15682616975090322, 0.07813481301260476
0.1136792176368524, -0.1563530551418091, 0.08050268878995703
0.1201125074946478, -0.15587552344038252, 0.08319657500832306
0.1265317715829195, -0.15537186885085236, 0.08592234869062029
0.13260812525765991, -0.1548455193583946, 0.08942398947823464
0.13814022627191294, -0.1543563437946311, 0.09292138838080401
0.143189261676066, -0.1538676228413523, 0.09722475914860378
0.1482438708586954, -0.1533707859618992, 0.10123244912213222
0.15327696956040066, -0.1528198609452384, 0.10623826630772307
0.1582572877057601, -0.1522694597633981, 0.11083088115553195
0.16322257574348392, -0.15170903007698452, 0.11594876712779266
0.16819408070248212, -0.15111052415586848, 0.1204259577543762
0.1731181397489328, -0.15055153161604004, 0.12307350592726066
0.17807550189345048, -0.14994381983348212, 0.12739561187546142
0.18301616314422778, -0.1493194850444482, 0.13101888890553956
0.1879408371135113, -0.14867298601448226, 0.1343558893419172
0.19291752686399216, -0.14797973578370613, 0.1392282477544976
0.19301330745850884, -0.14785614968577332, 0.16975443326863054
0.1932093832788902, -0.14659232119313317, 0.23711937056226814
0.1934293210700179, -0.14494165506742002, 0.34315574758866657
0.1964324352062464, -0.14173737297323385, 0.4516010799852577
0.1993304158648305, -0.1387758521288795, 0.5420286448939663
0.2021956699610611, -0.13529178329860903, 0.6254838426245152
0.2047133062471305, -0.13193838405994673, 0.69877018033595
0.20703259867288815, -0.12861760939812658, 0.7629229075165112
0.20950157850764778, -0.12443482692464113, 0.83099162235464
0.21201484495805423, -0.11997985286800274, 0.8924247599194051
0.21396081563555064, -0.11594137048330161, 0.9459262722478442
0.21638030359641836, -0.11037105771488563, 1.006837716204477
0.21873455367152467, -0.10412177966293665, 1.0675120630359436
0.22080211468584413, -0.09790894752604799, 1.1223083613154674
0.2226832907311302, -0.09150750582002311, 1.1713466742264316
0.22441320496966935, -0.08494833362396052, 1.2136581811407752
0.22596137024482127, -0.0783729294652423, 1.251249375323942
0.22738472568164145, -0.07166347995188066, 1.2838366125249496
0.22857101631399174, -0.06541183586459101, 1.311951001890047
0.22956369093747808, -0.05964200801150371, 1.3355084765305119
0.23038194445053128, -0.05439300869562811, 1.355591362200213
0.23106067707822417, -0.04963803791188681, 1.3725470899909438
0.23162076448300187, -0.045335622817090616, 1.3872290386993678
0.23209406745563801, -0.04144598174274316, 1.3997510908946702
0.23248589019944105, -0.03793514142740978, 1.410795569378098
0.23280589075652044, -0.03474656451198406, 1.4205762737725844
0.23308157413286792, -0.031871452510707964, 1.4291411012563393
0.2333159670616472, -0.029269930428905182, 1.4365698614326872
0.23350315088301776, -0.02690898423914317, 1.4433270023415148
0.23366588724760629, -0.024769764880157447, 1.4492388079376057
0.23380252096462756, -0.022828753737214973, 1.4544345817794382
0.2339197301466819, -0.02106816725387868, 1.4589809285170365
0.23402573073976038, -0.019481345506984937, 1.4628259144558522
0.2341200993552074, -0.018099576382380248, 1.4662695587331827
0.23419941132129662, -0.016805968493270748, 1.4691388283815132
0.23427203801283286, -0.01564158294339406, 1.4716111226066142
0.23433629759923452, -0.014581292061486131, 1.473718140856055
0.23439560783406527, -0.013620035042857425, 1.4753776753442358
0.23445438996972862, -0.012758853360437236, 1.4766113820120141
0.2345061725772272, -0.01200379501931539, 1.4774381671560772
0.23455996560705292, -0.011310538431192955, 1.4778896381767335
0.23461256458931046, -0.010696931667562814, 1.4780505608819152
0.23466146768129262, -0.010164991754561242, 1.4780283003950325
0.23465665376310002, -0.010184570409996263, 1.4780868219014365
0.23465499614049265, -0.010205868394467101, 1.4780731290676694
0.23465335316153013, -0.010227146622637262, 1.4780606555536036
0.2346518799081339, -0.010245725891339673, 1.4780496448255618
0.23465041737897915, -0.010264296266316723, 1.4780392676139285
0.2346511558696493, -0.010298330409767884, 1.47799683640502
0.23464931642261858, -0.010322355129000848, 1.4779799635856268
0.2346474953649317, -0.010346344741762355, 1.477965035225853
0.23464584542539743, -0.010367619729860136, 1.4779521680310757
0.23464436272881709, -0.010386192175754837, 1.4779408750142797
0.2346428940563135, -0.010404759016688834, 1.4779302843929374
0.23464383104709985, -0.010436042671045637, 1.4778910461353465
0.23464180695722464, -0.01046277447240889, 1.477872344161356
0.23464031007491717, -0.010482465043246214, 1.4778576248840205
0.23463839156033264, -0.010506599757505198, 1.4778445298514737
0.2346368314899367, -0.01052660908727891, 1.4778322625182836
